00
00
00
00
00
00
00
00
00
00
00
10
00
00
10
10
ff
00
00
00
00
10
10
10
00
10
00
00
00
00
00
00
00
00
00
00
00
00
00
00
00
00
00
00
00
00
00
00
00
00
00
00
00
00
00
00
00
00
00
00
00
00
00
00
00
00
00
00
00
00
00
00
00
00
00
00
00
00
00
00
00
00
00
00
00
00
00
00
00
00
00
00
00
00
00
00
00
00
00
00
00
00
00
00
00
00
00
00
00
00
00
00
00
00
00
00
00
00
00
00
00
00
00
00
00
00
00
00
00
10
92
88
f0
78
80
38
00
88
88
10
00
00
10
10
00
00
00
00
00
10
10
10
00
10
02
80
00
02
1c
00
00
10
24
48
10
c2
70
18
08
20
00
00
00
00
00
02
38
10
78
fe
08
fe
3c
fe
7c
78
00
00
02
00
80
7c
7c
10
fc
3c
f8
fe
fe
3c
82
7c
0e
82
80
82
82
7c
fc
7c
fc
7c
fe
82
82
82
82
82
fe
3c
80
78
10
00
30
00
80
00
02
00
1c
00
80
10
04
80
30
00
00
00
00
00
00
00
20
00
00
00
00
00
00
0e
10
e0
62
00
00
38
44
88
80
80
80
44
10
c8
88
10
00
00
10
10
00
ff
00
00
00
10
10
10
00
10
08
20
00
04
22
00
00
10
24
48
7c
c4
88
10
10
10
44
10
00
00
00
04
44
30
84
04
18
80
42
02
82
84
30
30
08
00
20
82
82
28
42
42
44
80
80
42
82
10
04
8c
80
c6
c2
82
82
82
82
82
10
82
82
82
44
44
04
20
40
08
28
00
10
00
80
00
02
00
22
02
80
00
00
80
10
00
00
00
00
00
00
00
20
00
00
00
00
00
00
10
10
10
92
00
00
7c
92
f8
e0
80
80
44
10
a8
50
10
00
00
10
10
00
00
00
00
00
10
10
10
00
10
20
08
fe
fe
20
00
00
10
24
fc
90
08
88
20
20
08
28
10
00
00
00
08
82
50
02
08
28
bc
80
04
82
86
30
30
20
fe
08
0c
8a
44
42
80
42
80
80
80
82
10
04
b0
80
aa
a2
82
82
82
82
80
10
82
44
82
28
28
08
20
20
08
44
00
08
7c
bc
3c
7a
7c
20
7a
bc
30
04
88
10
c4
bc
7c
bc
7a
9c
7c
f8
84
82
82
84
84
fe
10
10
10
8c
00
00
fe
44
88
80
78
f8
38
fe
98
20
f0
f0
1f
1f
ff
00
00
ff
00
00
1f
f0
ff
ff
10
80
02
24
10
f8
10
00
10
00
48
7c
10
70
00
20
08
fe
fe
00
fe
00
10
82
10
1c
1c
48
c2
bc
08
7c
7a
00
00
80
00
02
10
92
82
7c
80
42
f8
f8
80
fe
10
04
c0
80
92
92
82
fc
82
fc
7c
10
82
44
92
10
10
10
20
10
08
82
00
00
02
c2
42
86
82
f8
84
c2
10
04
90
10
aa
c2
82
c2
86
62
80
20
84
82
82
48
84
04
60
00
0c
00
00
00
7c
92
88
9e
3c
3e
00
10
88
3e
00
10
10
00
10
00
00
00
00
00
10
10
00
10
10
20
08
24
fe
20
00
00
10
00
fc
12
20
8a
00
20
08
28
10
00
00
00
20
82
10
60
02
fe
02
c2
10
82
02
00
00
20
fe
08
10
9c
fe
42
80
42
80
80
8e
82
10
04
b0
80
82
8a
82
80
8a
88
02
10
82
28
92
28
10
20
20
08
08
00
00
00
7e
82
80
82
fe
20
84
82
10
04
e0
10
92
82
82
c2
86
40
7c
20
84
44
92
30
8c
18
10
00
10
00
00
00
38
44
3e
10
22
20
00
10
20
08
00
10
10
00
10
00
00
00
ff
00
10
10
00
10
10
08
20
24
40
78
00
00
00
00
48
7c
46
84
00
10
10
44
10
30
00
30
40
44
10
80
82
08
82
42
20
82
84
30
30
08
00
20
00
80
82
42
42
44
80
80
42
82
10
84
8c
80
82
86
82
80
84
84
82
10
82
28
aa
44
10
40
20
04
08
00
00
00
82
c2
40
86
80
20
7c
82
10
04
88
10
92
82
82
bc
7a
40
02
24
84
28
aa
48
74
20
10
10
10
00
00
00
10
92
08
1c
3c
3c
00
fe
20
08
00
10
10
00
10
00
00
00
00
00
10
10
00
10
10
02
80
44
80
a6
00
00
10
00
48
10
86
7a
00
08
20
00
00
20
00
30
80
38
7c
fe
7c
08
7c
3c
40
7c
78
30
20
02
00
80
10
7c
82
fc
3c
f8
fe
80
3c
82
7c
78
82
fe
82
82
7c
80
7a
82
7c
10
7c
10
44
82
10
fe
3c
02
78
00
fe
00
7e
bc
3e
7a
7c
20
04
82
7c
84
82
38
82
82
7c
80
02
40
fc
18
7a
10
44
84
04
fe
0e
10
e0
00
00
00
00
00
08
10
22
20
00
00
20
08
00
10
10
00
10
00
00
00
00
ff
10
10
00
10
10
fe
fe
00
00
40
00
00
00
00
00
00
00
00
00
00
00
00
00
40
00
00
00
00
00
00
00
00
00
00
00
00
00
00
40
00
00
00
00
00
00
00
00
00
00
00
00
00
00
00
00
00
00
00
00
00
00
00
00
00
00
00
00
00
00
00
00
00
00
00
00
00
00
00
00
00
00
00
84
00
00
84
00
00
00
00
00
80
02
00
00
00
00
00
00
00
84
00
00
10
00
00
00
00
00
00
08
10
22
20
00
00
3e
08
00
10
10
00
10
00
00
00
00
00
10
10
00
10
10
00
00
00
00
00
00
00
00
00
00
00
00
00
00
00
00
00
00
00
00
00
00
00
00
00
00
00
00
00
00
00
00
00
00
00
00
00
00
00
00
00
00
00
00
00
00
00
00
00
00
00
00
00
00
00
00
00
00
00
00
00
00
00
00
00
00
00
00
00
00
00
00
00
00
00
00
00
78
00
00
78
00
00
00
00
00
80
02
00
00
00
00
00
00
00
78
00
00
00
00
00
00
